[-28789415992153039962112.000000, 4.624282], [0.000000, 0.000000], [-0.000000, 3.907570], [0.000000, 0.000000], [-28789415992153039962112.000000, 4.624282], [517675614613790124124074862968832.000000, 4.335591], [0.000000, 0.000000], [0.000000, 0.000000], [0.000000, 1.875000], 
[-13945164.000000, 4.633661], [0.000000, 0.000000], [0.000000, 3.900839], [0.000000, 0.000000], [-13945164.000000, 4.633661], [-132563230703101712387356491776.000000, 4.304459], [0.000000, 0.000000], [0.000000, 0.000000], [0.000000, 1.875000], 
[33461925375347880099840.000000, 4.634873], [0.000000, 0.000000], [-0.000000, 3.902037], [0.000000, 0.000000], [33461925375347880099840.000000, 4.634873], [0.000000, 4.309671], [0.000000, 0.000000], [0.000000, 0.000000], [0.000000, 1.875000], 
[0.067320, 4.601020], [0.000000, 0.000000], [-0.000000, 3.910433], [0.000000, 0.000000], [0.067320, 4.601020], [-3246125836956336128.000000, 4.331773], [0.000000, 0.000000], [0.000000, 0.000000], [0.000000, 1.875000], 
[-0.000000, 4.620497], [0.000000, 0.000000], [0.000000, 3.899990], [0.000000, 0.000000], [-0.000000, 4.620497], [0.087747, 4.329737], [0.000000, 0.000000], [0.000000, 0.000000], [0.000000, 1.875000], 
[-0.000000, 4.620497], [0.000000, 0.000000], [0.000000, 3.899990], [0.000000, 0.000000], [-0.000000, 4.620497], [0.087747, 4.329737], [0.000000, 0.000000], [0.000000, 0.000000], [0.000000, 1.875000], 
[-0.000000, 4.620497], [0.000000, 0.000000], [0.000000, 3.899990], [0.000000, 0.000000], [-0.000000, 4.620497], [0.087747, 4.329737], [0.000000, 0.000000], [0.000000, 0.000000], [0.000000, 1.875000], 
[35126576676864.000000, 4.648681], [0.000000, 0.000000], [38464576587589862819889152.000000, 3.899805], [0.000000, 0.000000], [35126576676864.000000, 4.648681], [-11929165821859594189668352.000000, 4.334239], [0.000000, 0.000000], [0.000000, 0.000000], [0.000000, 1.875000], 
0.000000, 4.839622, 0.000000, 0.000000, 0.000000, 3.866957, 0.000000, 0.000000, 0.000000, 4.839622, -0.000000, 4.194502, 0.000000, 0.000000, 0.000000, 0.000000, 0.000000, 1.875000, 
-4315404092571648.000000, 5.308038, 0.000000, 0.000000, 387888406606769331109888.000000, 3.922663, 0.000000, 0.000000, -4315404092571648.000000, 5.308038, 0.000000, 4.120872, 0.000000, 0.000000, 0.000000, 0.000000, 0.000000, 1.875000, 
